500
20754 1
72065
16353 1
65892
8080 1
42901
163 1
1107
29849 2
19806 78524
29211 2
46666 78204
28974 2
55189 78086
28647 2
67493 77920
27924 2
45736 77548
27373 2
75880 77250
27018 2
74808 77058
26140 2
44672 76543
26085 2
60160 76509
25983 2
42554 76446
25431 2
33488 76097
24899 2
45168 75730
23906 2
26463 75027
23663 2
16762 74833
22758 2
11117 74104
22385 2
61909 73755
22091 2
39158 73481
22087 2
32897 73478
21066 2
72408 72407
20826 2
48445 72140
20609 2
40949 71897
20558 2
61905 71832
20306 2
53647 71555
18431 2
31882 69169
18107 2
66618 68702
17834 2
42523 68305
17736 2
65391 68156
17442 2
28848 67678
17299 2
65189 67474
16957 2
10578 66929
16631 2
39111 66406
15937 2
65100 65098
15708 2
7845 64679
15138 2
63506 63505
14889 2
14237 62985
11787 2
55406 55403
11519 2
46133 54652
11032 2
53188 53187
10934 2
52895 52894
10225 2
50598 50594
9780 2
22747 49124
9554 2
24471 48363
9002 2
46431 46430
8831 2
19667 45789
8678 2
45221 45220
8541 2
44714 44707
7762 2
34295 41632
7735 2
41517 41510
6551 2
36503 36497
6357 2
35629 35622
6038 2
34228 34227
5524 2
31804 31803
4975 2
29125 29117
4509 2
26820 26811
3403 2
20974 20963
3295 2
20384 20376
2849 2
17878 17868
1912 2
12360 12359
1793 2
11635 11623
1494 2
9810 9809
29999 3
10913 65011 78599
29997 3
75193 45992 78598
29983 3
65992 74599 78591
29977 3
73037 6739 78588
29943 3
70316 19536 78571
29730 3
7928 46333 78465
29725 3
30989 53013 78462
29413 3
45254 72237 78306
29099 3
44113 65598 78148
29010 3
3089 24256 78104
28996 3
37341 2795 78097
28969 3
15015 33804 78083
28812 3
2620 28728 78005
28752 3
5427 47898 77975
28728 3
22895 73361 77963
28705 3
63610 26482 77950
28671 3
64259 22630 77933
28659 3
5698 75102 77926
28566 3
56583 62888 77879
28413 3
72473 25707 77799
28333 3
44169 30625 77759
28270 3
66711 31119 77727
28081 3
72956 66257 77629
27899 3
21203 74076 77535
27856 3
60426 72847 77512
27813 3
52304 53113 77489
27795 3
56473 53225 77480
27745 3
49554 24970 77455
27664 3
32869 68178 77412
27646 3
36635 71574 77403
27634 3
58914 66428 77396
27626 3
47184 37226 77392
27596 3
24754 55787 77374
27429 3
34169 40754 77282
27225 3
34024 63178 77171
27170 3
36381 56190 77139
27134 3
46532 2631 77120
27101 3
45329 3177 77103
27093 3
3805 73263 77099
27072 3
58054 18254 77088
12787 2
48999 58050
27000 3
33564 564 77049
26985 3
19939 40958 77039
26946 3
63172 5162 77018
26864 3
5093 71268 76965
26582 3
12765 8857 76802
26394 3
55570 25271 76694
26309 3
14219 36550 76647
4857 2
28541 28532
26211 3
51497 75630 76587
26151 3
1819 60578 76549
27052 3
20388 6330 77078
26044 3
63690 27193 76485
25958 3
40257 20184 76432
25735 3
74954 71452 76292
25704 3
13559 34839 76276
25615 3
59410 12347 76209
25468 3
30999 19913 76121
25450 3
73136 33092 76110
25242 3
69249 10272 75967
24824 3
38495 73210 75678
24807 3
51276 361 75666
24600 3
33127 49745 75525
24575 3
62803 73599 75504
24073 3
25726 10908 75146
23908 3
75030 67035 75029
23904 3
10347 51911 75026
23847 3
30182 50662 74980
23711 3
58237 43494 74876
23696 3
74777 1598 74866
23611 3
63602 6600 74786
23554 3
54790 67218 74747
23542 3
49752 2048 74740
23511 3
63827 64171 74714
23148 3
25619 72845 74433
23108 3
3440 52560 74401
23087 3
73367 47596 74386
23070 3
59678 22299 74375
23060 3
73990 72595 74363
23044 3
64436 55521 74348
23021 3
24423 27192 74328
22929 3
19841 6334 74247
22725 3
57249 27568 74065
22714 3
72196 53826 74058
22678 3
30820 55455 74028
22657 3
22694 65262 74011
22611 3
31981 69357 73963
22535 3
51604 50501 73883
22383 3
45632 71611 73753
22325 3
62832 6521 73711
22049 3
55352 66546 73438
22027 3
64346 70383 73419
22007 3
27853 70421 73394
21958 3
72824 67575 73344
21562 3
39024 56223 72944
21558 3
69463 32213 72940
21383 3
35605 34838 72744
21377 3
50194 37940 72738
21306 3
17012 26319 72664
21294 3
33369 16213 72654
21259 3
40583 24283 72613
21182 3
35564 65979 72534
21153 3
56933 58249 72498
20989 3
25417 72318 72317
20946 3
71164 30068 72271
20855 3
20816 27308 72177
20779 3
50453 24451 72095
20656 3
68484 46665 71943
20654 3
69493 41384 71941
20626 3
71378 71916 71915
20525 3
21928 62387 71795
20511 3
71649 8981 71778
20486 3
64331 63335 71755
20451 3
71711 9447 71709
20428 3
61199 59014 71685
20368 3
68076 38983 71626
24839 3
43498 54955 75688
20101 3
51111 70098 71314
20098 3
39932 32734 71312
19939 3
25257 47735 71126
19696 3
64343 70837 70836
19669 3
69822 66236 70803
19615 3
49706 30986 70736
19503 3
9224 70491 70587
19382 3
51756 56426 70433
19365 3
68651 33229 70413
19263 3
36880 25629 70303
19247 3
61779 43323 70288
19208 3
770 53671 70244
19184 3
26023 35389 70209
19132 3
14111 66378 70133
19106 3
14343 21631 70097
19045 3
42091 66138 70007
18933 3
60203 65250 69845
18892 3
56450 69784 69783
19287 3
43312 43180 70328
18762 3
12613 30484 69627
18655 3
37986 3742 69478
19379 3
41397 62986 70430
26137 3
72185 8612 76541
18636 3
69452 51344 69451
18488 3
68308 48199 69245
18487 3
9965 68972 69242
18418 3
68786 69157 69156
17938 3
22974 64249 68466
17849 3
52365 7278 68328
17606 3
51805 42513 67945
17604 3
37597 67941 67940
17599 3
41821 47479 67933
17583 3
30407 53613 67905
17393 3
32549 37875 67614
17346 3
56001 15614 67546
17322 3
67507 62314 67506
17290 3
67462 64531 67461
17274 3
2523 49916 67446
17176 3
63260 60102 67290
17157 3
10404 67266 67262
17020 3
34025 48926 67034
20703 3
14022 68828 72003
17009 3
47652 59881 67012
17001 3
49179 38722 67001
16959 3
42763 66935 66932
16898 3
66841 28278 66840
16857 3
66778 14471 66775
16792 3
38141 11887 66681
16754 3
11317 45854 66631
16742 3
66614 66613 66612
16727 3
28844 66582 66579
29405 3
11586 2835 78302
16696 3
66526 65913 66525
16695 3
66524 52072 66521
16648 3
52293 36999 66434
16624 3
8029 29949 66393
16594 3
35074 56537 66340
16555 3
36101 57486 66273
16534 3
22857 62423 66239
16445 3
37406 66066 66064
16099 3
65415 65414 65408
15877 3
64990 64989 64987
15838 3
8577 37351 64915
15784 3
53688 64215 64817
15722 3
64704 10670 64703
19288 3
56083 35388 70331
15589 3
12813 1669 64438
15454 3
64172 25790 64170
15317 3
46514 63876 63871
15284 3
36689 63797 63796
15239 3
54603 63714 63708
15210 3
63650 41791 63649
14957 3
20217 55368 63132
14935 3
60097 40014 63079
14912 3
63039 63038 63037
14864 3
45405 62935 62934
14800 3
36930 17401 62788
14785 3
60120 58922 62756
14762 3
60301 45318 62713
14755 3
54553 36338 62694
14606 3
41500 62101 62371
14596 3
62344 14421 62343
14553 3
36224 14701 62249
14519 3
51368 17670 62163
14392 3
23854 59702 61874
14352 3
1760 61778 61777
14249 3
61548 58721 61542
14241 3
61527 8221 61522
14152 3
61343 61342 61341
14143 3
61327 61326 61322
14111 3
46150 19454 61251
13999 3
44951 48652 60998
13988 3
60975 48423 60974
13960 3
29561 669 60908
13819 3
41733 34625 60583
13682 3
3547 43466 60283
13451 3
59720 56263 59714
13449 3
22094 9507 59712
13412 3
44281 58420 59623
13374 3
59529 59528 59527
13290 3
22809 14091 59308
13281 3
20401 11247 59285
13246 3
45520 59202 59201
12945 3
13049 58436 58435
12869 3
58247 58246 58243
12723 3
42921 57895 57892
12688 3
12787 11840 57808
12589 3
57563 28209 57557
12065 3
56177 56176 56171
11951 3
30297 55856 55851
11899 3
38411 1702 55701
24015 3
30461 51340 75108
11853 3
37761 55585 55579
11717 3
49855 14182 55197
11702 3
48148 55160 55159
11522 3
29135 54663 54662
20434 3
34955 59367 71689
11338 3
54116 54115 54114
11254 3
20797 13301 53872
11245 3
53845 53844 53840
11056 3
36961 53258 53257
17269 3
61750 57223 67436
10895 3
52765 799 52757
10804 3
38348 52469 52468
10614 3
12850 13340 51892
10610 3
28942 51879 51878
10453 3
51358 46339 51355
10381 3
13671 48655 51099
10366 3
51052 51051 51050
10189 3
50495 18621 50488
10159 3
44991 50391 50383
10125 3
16114 50261 50256
18176 3
65808 14531 68805
10108 3
50209 50208 50207
10101 3
50189 50188 50183
10049 3
8773 50018 50012
9948 3
39288 43796 49686
9869 3
49420 49419 49415
9811 3
49229 49228 49223
9741 3
49008 35081 49003
9712 3
48901 30832 48900
9643 3
24098 30315 48665
5319 2
30831 30824
9605 3
48540 48539 48533
9557 3
48376 48375 48369
9423 3
36457 29776 47909
9394 3
47810 47809 47808
9298 3
8419 47482 47481
9143 3
46933 24200 46924
9140 3
46921 46920 46919
9136 3
31501 46907 46906
9072 3
32640 46686 46685
8956 3
46260 46259 46258
8829 3
41095 24474 45782
8807 3
37153 17881 45707
8589 3
28680 44888 44882
8563 3
44794 44793 44786
8560 3
44778 44777 44776
8509 3
44593 44592 44584
8200 3
43383 43382 43381
8147 3
4966 43178 43171
8084 3
42918 24566 42917
8059 3
42827 11302 42822
12403 3
45978 57083 57079
7950 3
42377 42376 42375
17288 3
32720 54018 67459
7921 3
42272 42271 42262
7796 3
41758 41757 41756
7488 3
40521 38775 40520
7362 3
40016 40015 40013
7210 3
21022 8051 39385
7042 3
29919 38694 38693
6864 3
37896 28789 37895
6520 3
36359 36358 36357
6308 3
35418 1277 35417
6279 3
35288 35287 35279
6212 3
32941 34993 34992
27540 3
26904 23581 77345
6202 3
30108 34954 34953
6180 3
34861 34860 34859
6098 3
34496 34495 34494
6080 3
34414 9683 34413
6036 3
34220 34219 34218
5828 3
33247 33246 33245
5763 3
32936 28169 32929
5457 3
31502 31500 31490
5414 3
31284 31283 31282
5311 3
30789 20604 30783
5293 3
30705 24214 30695
5179 3
30148 30147 30138
5135 3
23047 29938 29930
5079 3
29651 29650 29644
4910 3
28801 10978 28800
4880 3
14280 20799 28649
4832 3
28423 23133 28422
4804 3
28280 28279 28277
4774 3
27514 23785 28136
4673 3
27661 27660 27652
4534 3
26940 26939 26938
4528 3
21876 26911 26910
4299 3
24943 25725 25717
4178 3
7695 17323 25100
4168 3
17818 25057 25056
4165 3
25047 14097 25040
5874 3
33462 6543 33461
4036 3
5145 4175 24361
19541 3
68003 68816 70632
3975 3
16778 23432 24043
3933 3
16171 23836 23825
3911 3
23717 23716 23708
3832 3
23298 23297 23296
3816 3
23220 23219 23218
3739 3
22808 22807 22798
3634 3
22229 11089 22228
3617 3
22144 22143 22132
3455 3
21260 21259 21252
3368 3
20782 20781 20780
3252 3
12560 20144 20143
3198 3
19848 19847 19846
3192 3
19814 19813 19812
3101 3
19303 7311 19295
3000 3
18735 18232 18734
2983 3
18639 18638 18628
2773 3
17452 17451 17440
2763 3
17393 17392 17380
2288 3
14601 14600 14599
2274 3
14518 11847 14517
2194 3
12041 14032 14031
2189 3
3117 9495 13994
1960 3
12653 12652 12651
1948 3
12580 12579 12578
1917 3
12389 9076 12382
1726 3
11228 10895 11227
1674 3
1885 10909 10907
1653 3
10780 10779 10771
1625 3
3360 8098 10593
1519 3
9966 9964 9956
1504 3
9872 9871 9870
1478 3
2090 9704 9703
1413 3
9308 9307 9295
1406 3
9255 9254 9253
1320 3
8714 8713 8712
6683 3
37079 31807 37071
1143 3
7585 7584 7574
1030 3
6852 6851 6850
966 3
6436 6435 6434
907 3
6053 6052 6041
830 3
5537 5536 5535
772 3
5158 5157 5156
617 3
4145 4144 4132
503 3
3393 232 3382
461 3
3116 3115 3104
400 3
2705 2704 2703
266 3
1811 1810 1809
240 3
1635 1634 1633
29986 6
62660 72886 39223 75877 17608 78593
29970 6
58738 14295 31002 40055 9318 78585
29969 6
66934 34064 73639 37745 56545 78584
29957 6
42188 9055 32589 17123 16079 78578
29950 6
76041 57674 54243 3384 19146 78575
29940 6
62259 30978 66680 16020 11878 78570
29939 6
74628 25716 50711 36521 66126 78569
29933 6
69414 4567 57143 57378 28282 78566
29930 6
17495 44677 47950 42307 36593 78565
16761 3
29037 11972 66638
29927 6
8181 20961 33066 76021 16763 78563
29924 6
34511 24912 42724 48099 67299 78562
29922 6
60076 19421 58828 11445 15030 78561
29914 6
30334 56678 62368 51423 15807 78557
29911 6
68391 68692 2745 72801 60532 78555
29909 6
2037 60528 76567 74374 58713 78554
29905 6
7432 69727 17573 45700 47800 78552
29901 6
70214 38339 52582 25499 51765 78550
29898 6
43805 39655 69112 21676 14872 78549
9391 3
47801 20784 47791
29891 6
67174 56916 57372 72078 39343 78545
29887 6
44834 73850 21870 2054 29575 78543
29880 6
28346 61615 64431 16571 69846 78540
29878 6
75938 65845 58300 32563 64199 78539
18341 3
57166 63457 69048
29867 6
66234 49628 28120 60530 44787 78533
29850 6
11475 14166 325 37738 52030 78525
29836 6
52804 65427 68596 53545 71859 78518
29835 6
12638 3195 67190 65180 61669 78517
29831 6
31936 56865 74719 42248 33896 78515
29828 6
66087 67141 14317 64497 43172 78514
29815 6
6772 19804 71599 38621 60462 78507
14495 3
62112 52363 62109
29808 6
5634 7629 22498 46736 63205 78504
29796 6
53591 38569 40038 46652 4429 78498
29795 6
16773 6783 69647 30638 55299 78497
29790 6
67965 39081 59794 59257 27171 78495
29775 6
34730 71487 27713 46771 15963 78487
7134 3
39082 39080 39079
29771 6
55975 18510 47553 34067 20029 78485
29766 6
3140 10621 13059 51122 52976 78483
29762 6
52086 64451 43880 56207 8478 78481
29760 6
38446 29301 67334 28593 18632 78480
29758 6
34745 31020 4237 68179 41305 78479
23392 3
45363 23323 74624
22513 3
12193 21902 73862
12078 3
42012 56208 56206
29754 6
73602 73173 77153 32756 3324 78477
29748 6
66785 19444 34484 17723 37641 78474
29746 6
48218 23173 1853 18243 61100 78473
29744 6
26437 48603 72023 48546 75155 78472
29742 6
16870 53045 76206 39048 60474 78471
24896 3
12149 23123 75729
29738 6
46548 66956 71727 75722 73323 78469
29728 6
19111 53026 49975 9878 3304 78464
19539 3
29689 17245 70630
29722 6
30392 4434 45735 15367 33340 78461
29719 6
3561 57582 18797 26307 59792 78459
8814 3
6650 45734 45733
29712 6
10905 66773 58027 45516 49262 78456
29709 6
73869 32442 71836 58457 68773 78454
29705 4
68891 44144 38371 4055
29701 2
72378 74633